radiateur.003
(3.629145622253418, -0.87393862009048462, -0.76543688774108887)
[0.000000, -0.000000, 1.570796](euler)

porteLivre.003
(3.7645771503448486, -1.0392158031463623, -0.74205732345581055)
[0.000000, -0.000000, -0.501157](euler)

caisse.008
(3.6428289413452148, -1.3291667699813843, -0.69215607643127441)
[0.000000, -0.000000, -3.924871](euler)

bouteille.005
(3.6527376174926758, -1.3274483680725098, -0.77240216732025146)
[0.000000, 0.000000, 0.000000](euler)

livreUnique.002
(3.6601934432983398, -1.3245347738265991, -0.73337936401367188)
[-0.000000, -0.685830, 1.570796](euler)

duoLivre.003
(3.658008337020874, -1.3421694040298462, -0.76675528287887573)
[0.000000, -0.000000, 1.570796](euler)

duoLivre.002
(3.6547672748565674, -1.3421694040298462, -0.73416614532470703)
[0.000000, -0.000000, 1.570796](euler)

duoLivre.001
(3.6616356372833252, -1.3054088354110718, -0.73416614532470703)
[0.000000, -0.000000, 1.570796](euler)

corbeille.005
(3.7606790065765381, -0.99418658018112183, -0.79361921548843384)
[0.000000, 0.000000, 0.000000](euler)

corbeille.004
(4.4181656837463379, -0.83194965124130249, -0.79361921548843384)
[0.000000, 0.000000, 0.000000](euler)

meubleLivre.001
(3.6498956680297852, -1.3236117362976074, -0.7532801628112793)
[0.000000, -0.000000, 1.570796](euler)

pupitre.010
(4.532433032989502, -1.3041094541549683, -0.75387316942214966)
[0.000000, 0.000000, -4.712389](euler)

chaise.038
(3.7308292388916016, -1.1081726551055908, -0.7422335147857666)
[0.000000, -0.000000, -1.570796](euler)

bureau2.003
(3.76216721534729, -1.1014658212661743, -0.75613653659820557)
[0.000000, -0.000000, 1.570796](euler)

pupitre.009
(4.2980165481567383, -0.87641310691833496, -0.75387316942214966)
[0.000000, 0.000000, -1.626504](euler)

pupitre.008
(4.3110032081604004, -1.0879063606262207, -0.75387316942214966)
[0.000000, 0.000000, -1.496444](euler)

pupitre.007
(4.2924509048461914, -1.2872413396835327, -0.75387316942214966)
[0.000000, 0.000000, -1.609342](euler)

pupitre.006
(4.1106410026550293, -1.2872413396835327, -0.75387316942214966)
[0.000000, 0.000000, -1.531925](euler)

pupitre.005
(4.1087856292724609, -1.0860511064529419, -0.75387316942214966)
[0.000000, 0.000000, -1.483137](euler)

pupitre.004
(4.1162066459655762, -0.87641310691833496, -0.75387316942214966)
[0.000000, 0.000000, -1.445249](euler)

pupitre.003
(3.9566588401794434, -0.8856891393661499, -0.75387316942214966)
[0.000000, 0.000000, -1.359402](euler)

pupitre.002
(3.934396505355835, -1.0916167497634888, -0.75387316942214966)
[0.000000, 0.000000, -1.387175](euler)

pupitre.001
(3.9418172836303711, -1.2872413396835327, -0.75387316942214966)
[0.000000, 0.000000, -1.886497](euler)

fenetre.006
(3.8995623588562012, -1.3923352956771851, -0.79999995231628418)
[0.000000, 0.000000, -3.141593](euler)

fenetre.007
(4.299562931060791, -1.3923354148864746, -0.79999995231628418)
[0.000000, 0.000000, -3.141593](euler)

fenetre.008
(4.5923604965209961, -1.1004389524459839, -0.79999995231628418)
[0.000000, -0.000000, -1.570796](euler)

porte.016
(5.3983926773071289, 0.0, 0.0)
[0.000000, 0.000000, 0.000000](euler)

coinBG
(3.7800157070159912, -0.60000002384185791, -0.79999995231628418)
[0.000000, 0.000000, 0.000000](euler)

murE.052
(3.7800157070159912, -0.60000002384185791, -0.79999995231628418)
[0.000000, 0.000000, 0.000000](euler)

murO.050
(3.6200134754180908, -0.60000002384185791, -0.79999995231628418)
[0.000000, 0.000000, 0.000000](euler)

murO.051
(3.6200134754180908, -0.80000001192092896, -0.79999995231628418)
[0.000000, 0.000000, 0.000000](euler)

murO.052
(3.6200134754180908, -1.0, -0.79999995231628418)
[0.000000, 0.000000, 0.000000](euler)

murO.053
(3.6200134754180908, -1.2000000476837158, -0.79999995231628418)
[0.000000, 0.000000, 0.000000](euler)

murS.077
(3.5999999046325684, -1.379999041557312, -0.79999995231628418)
[0.000000, 0.000000, 0.000000](euler)

murS.078
(4.4000129699707031, -1.379999041557312, -0.79999995231628418)
[0.000000, 0.000000, 0.000000](euler)

murN.077
(4.2000155448913574, -0.81999999284744263, -0.79999995231628418)
[0.000000, 0.000000, 0.000000](euler)

murN.078
(4.0000143051147461, -0.81999999284744263, -0.79999995231628418)
[0.000000, 0.000000, 0.000000](euler)

murN.079
(3.8000142574310303, -0.81999999284744263, -0.79999995231628418)
[0.000000, 0.000000, 0.000000](euler)

murE.053
(4.5800161361694336, -1.2000000476837158, -0.79999995231628418)
[0.000000, 0.000000, 0.000000](euler)

murE.054
(4.580014705657959, -0.80000001192092896, -0.79999995231628418)
[0.000000, 0.000000, 0.000000](euler)

murS.080
(4.0000143051147461, -1.379999041557312, -0.79999995231628418)
[0.000000, 0.000000, 0.000000](euler)

